202001.0 202042.0 202043.0
202002.0 202104.0 202106.0
202002.0 202003.0 202071.0
202013.0 202038.0 202050.0
202016.0 202032.0 202057.0
202012.0 202016.0 202088.0
202023.0 202062.0 202099.0
202044.0 202048.0 202059.0
202068.0 202079.0 202109.0
202005.0 202016.0 202072.0
202041.0 202050.0 202097.0
202030.0 202033.0 202066.0
202035.0 202073.0 202088.0
202005.0 202006.0 202012.0
202048.0 202058.0 202061.0
202080.0 202087.0 202089.0
202030.0 202033.0 202047.0
202013.0 202050.0 202097.0
202051.0 202056.0 202108.0
202056.0 202085.0 202108.0
202007.0 202062.0 202099.0
202022.0 202056.0 202085.0
202007.0 202023.0 202094.0
202031.0 202093.0 202101.0
202024.0 202056.0 202085.0
202014.0 202047.0 202066.0
202028.0 202063.0 202091.0
202005.0 202036.0 202057.0
202030.0 202047.0 202066.0
202012.0 202032.0 202057.0
202015.0 202073.0 202091.0
202022.0 202032.0 202108.0
202042.0 202045.0 202106.0
202004.0 202014.0 202101.0
202020.0 202064.0 202074.0
202005.0 202092.0 202109.0
202013.0 202050.0 202097.0
202001.0 202001.0 202052.0
202001.0 202001.0 202092.0
202008.0 202048.0 202107.0
202037.0 202071.0 202106.0
202019.0 202030.0 202066.0
202030.0 202033.0 202066.0
202058.0 202064.0 202068.0
202062.0 202089.0 202105.0
202013.0 202020.0 202041.0
202021.0 202053.0 202056.0
202002.0 202002.0 202072.0
202036.0 202051.0 202108.0
202067.0 202093.0 202105.0
202022.0 202084.0 202085.0
202005.0 202032.0 202040.0
202048.0 202064.0 202068.0
202007.0 202008.0 202023.0
202087.0 202095.0 202098.0
202017.0 202048.0 202071.0
202049.0 202080.0 202089.0
202035.0 202073.0 202091.0
202048.0 202068.0 202074.0
202014.0 202030.0 202033.0
202049.0 202054.0 202062.0
202048.0 202058.0 202064.0
202041.0 202064.0 202074.0
202017.0 202061.0 202071.0
202003.0 202003.0 202061.0
202002.0 202002.0 202052.0
202035.0 202063.0 202091.0
202013.0 202039.0 202064.0
202002.0 202035.0 202047.0
202050.0 202058.0 202107.0
202006.0 202009.0 202019.0
202018.0 202021.0 202062.0
202022.0 202054.0 202056.0
202024.0 202056.0 202108.0
202022.0 202041.0 202084.0
202018.0 202060.0 202095.0
202015.0 202016.0 202073.0
202007.0 202049.0 202062.0
202002.0 202002.0 202021.0
202035.0 202063.0 202073.0
202040.0 202098.0 202109.0
202028.0 202054.0 202105.0
202021.0 202024.0 202027.0
202060.0 202087.0 202098.0
202022.0 202024.0 202086.0
202013.0 202020.0 202041.0
202060.0 202095.0 202109.0
202007.0 202023.0 202067.0
202006.0 202043.0 202068.0
202004.0 202035.0 202038.0
202008.0 202012.0 202044.0
202002.0 202002.0 202106.0
202049.0 202054.0 202093.0
202002.0 202002.0 202104.0
202033.0 202048.0 202068.0
202022.0 202036.0 202085.0
202040.0 202085.0 202098.0
